2E0 31 88 00 00 00 00 00 00 Radio 1
2E0 31 48 00 00 00 00 00 00 
2E0 32 88 00 00 00 00 00 00 
2E0 32 48 00 00 00 00 00 00 
2E0 33 88 00 00 00 00 00 00 
2E0 33 48 00 00 00 00 00 00 
2E0 34 88 00 00 00 00 00 00 
2E0 34 48 00 00 00 00 00 00 
2E0 35 88 00 00 00 00 00 00 
2E0 35 48 00 00 00 00 00 00 
2E0 36 88 00 00 00 00 00 00 
2E0 36 48 00 00 00 00 00 00 
2E0 37 88 00 00 00 00 00 00 
2E0 37 48 00 00 00 00 00 00 
2E0 38 88 00 00 00 00 00 00 
2E0 38 48 00 00 00 00 00 00 
2E0 39 88 00 00 00 00 00 00 
2E0 39 48 00 00 00 00 00 00 
2E0 30 88 00 00 00 00 00 00 
2E0 30 48 00 00 00 00 00 00 Radio 0
2E0 76 88 00 00 00 00 00 00 Direct
2E0 76 48 00 00 00 00 00 00 

2E0 43 88 00 00 00 00 00 00 Text
2E0 43 48 00 00 00 00 00 00 

2E0 03 88 00 00 00 00 00 00 Menu
2E0 03 48 00 00 00 00 00 00 

2E0 0F 88 00 00 00 00 00 00 Clock
2E0 0F 48 00 00 00 00 00 00 

2E0 0F 88 00 00 00 00 00 00 Clock
2E0 0F 48 00 00 00 00 00 00 

2E0 01 88 00 00 00 00 00 00 Power
2E0 01 48 00 00 00 00 00 00 
2E0 01 88 00 00 00 00 00 00 
2E0 01 48 00 00 00 00 00 00 

2E0 84 84 00 00 00 00 00 00 Phone*
2E0 84 44 00 00 00 00 00 00 

2E0 03 88 00 00 00 00 00 00 Menu
2E0 03 48 00 00 00 00 00 00 

2E0 2A 84 00 00 00 00 00 00 Left*
2E0 2A 44 00 00 00 00 00 00 
2E0 2A 84 00 00 00 00 00 00 
2E0 2A 44 00 00 00 00 00 00 

2E0 02 84 00 00 00 00 00 00 OK*
2E0 02 44 00 00 00 00 00 00 
2E0 02 84 00 00 00 00 00 00 
2E0 02 44 00 00 00 00 00 00 

2E0 29 84 00 00 00 00 00 00 Right*
2E0 29 44 00 00 00 00 00 00 

2E0 02 84 00 00 00 00 00 00 ok*
2E0 02 44 00 00 00 00 00 00 

2E0 29 84 00 00 00 00 00 00 Right*
2E0 29 44 00 00 00 00 00 00 

2E0 02 84 00 00 00 00 00 00 ok*
2E0 02 44 00 00 00 00 00 00 

2E0 80 88 00 00 00 00 00 00 AM/FM
2E0 80 48 00 00 00 00 00 00 

2E0 80 88 00 00 00 00 00 00 AM/FM
2E0 80 48 00 00 00 00 00 00 
2E0 80 88 00 00 00 00 00 00 
2E0 80 48 00 00 00 00 00 00 
2E0 80 88 00 00 00 00 00 00 
2E0 80 48 00 00 00 00 00 00 

2E0 78 88 00 00 00 00 00 00 Aux
2E0 78 48 00 00 00 00 00 00 
2E0 78 88 00 00 00 00 00 00 
2E0 78 48 00 00 00 00 00 00 

2E0 80 88 00 00 00 00 00 00 AM/FM
2E0 80 48 00 00 00 00 00 00 